version https://git-lfs.github.com/spec/v1
oid sha256:03fd6dc993148e408a2a53d53ede1be75ac704ee393413f6836bd46e7e2818c2
size 138379
